{
  "nbformat": 4,
  "nbformat_minor": 0,
  "metadata": {
    "colab": {
      "provenance": [],
      "authorship_tag": "ABX9TyPvKp0mUOupyxs62nKW2q9m",
      "include_colab_link": true
    },
    "kernelspec": {
      "name": "python3",
      "display_name": "Python 3"
    },
    "language_info": {
      "name": "python"
    }
  },
  "cells": [
    {
      "cell_type": "markdown",
      "metadata": {
        "id": "view-in-github",
        "colab_type": "text"
      },
      "source": [
        "<a href=\"https://colab.research.google.com/github/gregor-posadas/Gregor-Projects/blob/main/Globally_Shared_Parameter_Based_Node_Diagram.ipynb\" target=\"_parent\"><img src=\"https://colab.research.google.com/assets/colab-badge.svg\" alt=\"Open In Colab\"/></a>"
      ]
    },
    {
      "cell_type": "markdown",
      "source": [
        "# **Globally Shared Parameters**"
      ],
      "metadata": {
        "id": "xzprqO8G139g"
      }
    },
    {
      "cell_type": "code",
      "execution_count": 4,
      "metadata": {
        "colab": {
          "base_uri": "https://localhost:8080/",
          "height": 1000
        },
        "id": "zt4-za2crspC",
        "outputId": "d3245b41-bc84-41b9-85b8-18ff8e651898"
      },
      "outputs": [
        {
          "output_type": "stream",
          "name": "stdout",
          "text": [
            "Upload data files for the WWTP unit processes in sequence.\n",
            "Enter the full path to the next process file (e.g., Influent): /content/Influent Parameters.csv\n",
            "What is the name of this process? (e.g., Influent): Influent\n",
            "Do you want to add another process file? (yes/no): yes\n",
            "Enter the full path to the next process file (e.g., Influent): /content/Oxidation Ditch Effluent Parameters.xlsx\n",
            "What is the name of this process? (e.g., Influent): Oxidation Ditch Effluent\n",
            "Do you want to add another process file? (yes/no): yes\n",
            "Enter the full path to the next process file (e.g., Influent): /content/Plant Effluent Parameters.xlsx\n",
            "What is the name of this process? (e.g., Influent): Plant Effluent\n",
            "Do you want to add another process file? (yes/no): no\n",
            "Reading file: /content/Influent Parameters.csv\n",
            "Applying Z-Score Method to filter outliers...\n",
            "Finished processing file: /content/Influent Parameters.csv\n",
            "Reading file: /content/Oxidation Ditch Effluent Parameters.xlsx\n",
            "Applying Z-Score Method to filter outliers...\n",
            "Finished processing file: /content/Oxidation Ditch Effluent Parameters.xlsx\n",
            "Reading file: /content/Plant Effluent Parameters.xlsx\n",
            "Applying Z-Score Method to filter outliers...\n",
            "Finished processing file: /content/Plant Effluent Parameters.xlsx\n",
            "Bootstrapping correlation matrices...\n",
            "Bootstrapping iteration 0/500...\n",
            "Bootstrapping iteration 100/500...\n",
            "Bootstrapping iteration 200/500...\n",
            "Bootstrapping iteration 300/500...\n",
            "Bootstrapping iteration 400/500...\n",
            "Bootstrapping iteration 0/500...\n",
            "Bootstrapping iteration 100/500...\n",
            "Bootstrapping iteration 200/500...\n",
            "Bootstrapping iteration 300/500...\n",
            "Bootstrapping iteration 400/500...\n",
            "Bootstrapping iteration 0/500...\n",
            "Bootstrapping iteration 100/500...\n",
            "Bootstrapping iteration 200/500...\n",
            "Bootstrapping iteration 300/500...\n",
            "Bootstrapping iteration 400/500...\n",
            "Calculating and correcting p-values...\n",
            "Calculating p-values for correlation matrix...\n",
            "Correcting p-values using Benjamini-Hochberg method...\n",
            "Generating heatmap...\n"
          ]
        },
        {
          "output_type": "display_data",
          "data": {
            "text/html": [
              "<html>\n",
              "<head><meta charset=\"utf-8\" /></head>\n",
              "<body>\n",
              "    <div>            <script src=\"https://cdnjs.cloudflare.com/ajax/libs/mathjax/2.7.5/MathJax.js?config=TeX-AMS-MML_SVG\"></script><script type=\"text/javascript\">if (window.MathJax && window.MathJax.Hub && window.MathJax.Hub.Config) {window.MathJax.Hub.Config({SVG: {font: \"STIX-Web\"}});}</script>                <script type=\"text/javascript\">window.PlotlyConfig = {MathJaxConfig: 'local'};</script>\n",
              "        <script charset=\"utf-8\" src=\"https://cdn.plot.ly/plotly-2.35.2.min.js\"></script>                <div id=\"d5c8f8cb-3910-4145-b004-c459a736a958\" class=\"plotly-graph-div\" style=\"height:1000px; width:1200px;\"></div>            <script type=\"text/javascript\">                                    window.PLOTLYENV=window.PLOTLYENV || {};                                    if (document.getElementById(\"d5c8f8cb-3910-4145-b004-c459a736a958\")) {                    Plotly.newPlot(                        \"d5c8f8cb-3910-4145-b004-c459a736a958\",                        [{\"coloraxis\":\"coloraxis\",\"name\":\"0\",\"texttemplate\":\"%{z:.2f}\",\"x\":[\"ammonia_Influent\",\"ammonia_Oxidation_Ditch_Effluent\",\"cod_Influent\",\"cod_Oxidation_Ditch_Effluent\",\"do_Influent\",\"do_Oxidation_Ditch_Effluent\",\"nitrate_Influent\",\"nitrate_Oxidation_Ditch_Effluent\",\"nitrite_Influent\",\"nitrite_Oxidation_Ditch_Effluent\",\"ph_Influent\",\"ph_Oxidation_Ditch_Effluent\",\"phosphorus_Influent\",\"phosphorus_Oxidation_Ditch_Effluent\",\"temperature_Influent\",\"temperature_Oxidation_Ditch_Effluent\",\"tkn_Influent\",\"tkn_Oxidation_Ditch_Effluent\",\"total nitrogen_Influent\",\"total nitrogen_Oxidation_Ditch_Effluent\",\"tss_Influent\",\"tss_Oxidation_Ditch_Effluent\"],\"y\":[\"ammonia_Influent\",\"ammonia_Oxidation_Ditch_Effluent\",\"cod_Influent\",\"cod_Oxidation_Ditch_Effluent\",\"do_Influent\",\"do_Oxidation_Ditch_Effluent\",\"nitrate_Influent\",\"nitrate_Oxidation_Ditch_Effluent\",\"nitrite_Influent\",\"nitrite_Oxidation_Ditch_Effluent\",\"ph_Influent\",\"ph_Oxidation_Ditch_Effluent\",\"phosphorus_Influent\",\"phosphorus_Oxidation_Ditch_Effluent\",\"temperature_Influent\",\"temperature_Oxidation_Ditch_Effluent\",\"tkn_Influent\",\"tkn_Oxidation_Ditch_Effluent\",\"total nitrogen_Influent\",\"total nitrogen_Oxidation_Ditch_Effluent\",\"tss_Influent\",\"tss_Oxidation_Ditch_Effluent\"],\"z\":[[1.0,0.4508943816448703,0.0,0.3925638497396915,0.0,0.0,0.0,0.45341769418037964,0.0,0.4008593766160334,0.5857114780505298,-0.553042714950132,0.5672042373003762,0.40982757234969475,-0.5428343998701827,-0.5324272781838736,0.8355977676962855,0.0,0.8357760618940867,0.0,0.0,0.5596177110633163],[0.4508943816448703,1.0,0.0,0.62859056294104,0.4640292529402439,0.0,0.0,0.48811536531424,0.0,0.5014965918082837,0.0,-0.5266925978896321,0.0,0.4719175311738349,-0.5897404712310345,-0.6659522902567286,0.4332332927566978,0.0,0.43297847949984364,0.43739513660764323,0.0,0.6358775134474951],[0.0,0.0,1.0,0.0,0.0,0.0,0.6385447564959915,0.0,0.525125164487607,0.0,0.0,0.0,0.36607031303327653,0.0,0.0,0.0,0.0,0.0,0.0,0.0,0.0,0.0],[0.3925638497396915,0.62859056294104,0.0,1.0,0.749072436290534,0.0,0.0,0.8027086060423674,0.0,0.6900273214625215,0.0,-0.8159187765790827,0.39903194135879927,0.7262680464404055,-0.8133714687132859,-0.7896417374676945,0.3665026986219406,0.0,0.3752932981350876,0.6319147069948189,0.0,0.8618032080903927],[0.0,0.4640292529402439,0.0,0.749072436290534,1.0,0.0,0.0,0.7526774164967875,0.0,0.5054246659831212,0.0,-0.7718902361975907,0.0,0.5213674243884442,-0.630667497600039,-0.5905234746882174,0.36466823366417983,0.0,0.3662258112484917,0.590360503452305,0.0,0.6683542108948654],[0.0,0.0,0.0,0.0,0.0,1.0,0.0,0.0,0.0,0.0,0.0,0.0,0.0,0.0,0.0,0.0,0.0,0.0,0.0,0.0,0.0,0.0],[0.0,0.0,0.6385447564959915,0.0,0.0,0.0,1.0,0.0,0.5964708437514588,0.0,0.0,0.0,0.5509147317389024,0.0,0.0,0.0,0.0,0.0,0.0,0.0,0.0,0.0],[0.45341769418037964,0.48811536531424,0.0,0.8027086060423674,0.7526774164967875,0.0,0.0,1.0,0.0,0.5875432879277722,0.0,-0.8762071687335832,0.5074402855468915,0.6919538125974011,-0.7074695127975476,-0.68014656038159,0.4783046176944463,0.0,0.4857027616246051,0.7867929318471821,0.0,0.7823058137672246],[0.0,0.0,0.525125164487607,0.0,0.0,0.0,0.5964708437514588,0.0,1.0,0.0,0.0,0.0,0.45583862706491957,0.0,0.0,0.0,0.0,0.0,0.0,0.0,0.0,0.0],[0.4008593766160334,0.5014965918082837,0.0,0.6900273214625215,0.5054246659831212,0.0,0.0,0.5875432879277722,0.0,1.0,0.0,-0.6554680212350203,0.0,0.6714947098855117,-0.6057035540248334,-0.5855583172154256,0.34955014569017795,0.0,0.3630646140219314,0.4330943816254233,0.0,0.6720606083167895],[0.5857114780505298,0.0,0.0,0.0,0.0,0.0,0.0,0.0,0.0,0.0,1.0,-0.4038876336281089,0.0,0.0,-0.5073491534681621,-0.5176197722114774,0.46480887595321035,0.0,0.46447371203302806,0.0,0.0,0.4814897691004966],[-0.553042714950132,-0.5266925978896321,0.0,-0.8159187765790827,-0.7718902361975907,0.0,0.0,-0.8762071687335832,0.0,-0.6554680212350203,-0.4038876336281089,1.0,-0.5106034173003392,-0.7131950094470924,0.7303392090015007,0.7412019680263294,-0.5849614836147262,0.0,-0.5923103242986987,-0.7012691280011386,0.0,-0.7800766113195702],[0.5672042373003762,0.0,0.36607031303327653,0.39903194135879927,0.0,0.0,0.5509147317389024,0.5074402855468915,0.45583862706491957,0.0,0.0,-0.5106034173003392,1.0,0.39314801672799277,-0.5258325017300778,-0.4431701200749809,0.7293740228964477,0.0,0.7315709889597725,0.0,0.6009898165529554,0.5800024632531436],[0.40982757234969475,0.4719175311738349,0.0,0.7262680464404055,0.5213674243884442,0.0,0.0,0.6919538125974011,0.0,0.6714947098855117,0.0,-0.7131950094470924,0.39314801672799277,1.0,-0.6941178212550062,-0.6516287435849337,0.446168476350183,0.0,0.45193421999682587,0.59144738288437,0.0,0.7248974531743713],[-0.5428343998701827,-0.5897404712310345,0.0,-0.8133714687132859,-0.630667497600039,0.0,0.0,-0.7074695127975476,0.0,-0.6057035540248334,-0.5073491534681621,0.7303392090015007,-0.5258325017300778,-0.6941178212550062,1.0,0.8841036383242186,-0.5085776359625213,0.0,-0.5127681070584528,-0.522246487577498,0.0,-0.851897110263498],[-0.5324272781838736,-0.6659522902567286,0.0,-0.7896417374676945,-0.5905234746882174,0.0,0.0,-0.68014656038159,0.0,-0.5855583172154256,-0.5176197722114774,0.7412019680263294,-0.4431701200749809,-0.6516287435849337,0.8841036383242186,1.0,-0.4868569388537418,0.0,-0.4899654710208717,-0.4782478270248241,0.0,-0.8030753122971506],[0.8355977676962855,0.4332332927566978,0.0,0.3665026986219406,0.36466823366417983,0.0,0.0,0.4783046176944463,0.0,0.34955014569017795,0.46480887595321035,-0.5849614836147262,0.7293740228964477,0.446168476350183,-0.5085776359625213,-0.4868569388537418,1.0,0.0,0.9975898984786001,0.0,0.0,0.5596802541592732],[0.0,0.0,0.0,0.0,0.0,0.0,0.0,0.0,0.0,0.0,0.0,0.0,0.0,0.0,0.0,0.0,0.0,1.0,0.0,0.5590897152329942,0.0,0.0],[0.8357760618940867,0.43297847949984364,0.0,0.3752932981350876,0.3662258112484917,0.0,0.0,0.4857027616246051,0.0,0.3630646140219314,0.46447371203302806,-0.5923103242986987,0.7315709889597725,0.45193421999682587,-0.5127681070584528,-0.4899654710208717,0.9975898984786001,0.0,1.0,0.0,0.0,0.5644413318955398],[0.0,0.43739513660764323,0.0,0.6319147069948189,0.590360503452305,0.0,0.0,0.7867929318471821,0.0,0.4330943816254233,0.0,-0.7012691280011386,0.0,0.59144738288437,-0.522246487577498,-0.4782478270248241,0.0,0.5590897152329942,0.0,1.0,0.0,0.5487832707263964],[0.0,0.0,0.0,0.0,0.0,0.0,0.0,0.0,0.0,0.0,0.0,0.0,0.6009898165529554,0.0,0.0,0.0,0.0,0.0,0.0,0.0,1.0,0.0],[0.5596177110633163,0.6358775134474951,0.0,0.8618032080903927,0.6683542108948654,0.0,0.0,0.7823058137672246,0.0,0.6720606083167895,0.4814897691004966,-0.7800766113195702,0.5800024632531436,0.7248974531743713,-0.851897110263498,-0.8030753122971506,0.5596802541592732,0.0,0.5644413318955398,0.5487832707263964,0.0,1.0]],\"type\":\"heatmap\",\"xaxis\":\"x\",\"yaxis\":\"y\",\"hovertemplate\":\"Influent: %{x}\\u003cbr\\u003eOxidation_Ditch_Effluent: %{y}\\u003cbr\\u003eCorrelation Coefficient: %{z}\\u003cextra\\u003e\\u003c\\u002fextra\\u003e\"}],                        {\"template\":{\"data\":{\"histogram2dcontour\":[{\"type\":\"histogram2dcontour\",\"colorbar\":{\"outlinewidth\":0,\"ticks\":\"\"},\"colorscale\":[[0.0,\"#0d0887\"],[0.1111111111111111,\"#46039f\"],[0.2222222222222222,\"#7201a8\"],[0.3333333333333333,\"#9c179e\"],[0.4444444444444444,\"#bd3786\"],[0.5555555555555556,\"#d8576b\"],[0.6666666666666666,\"#ed7953\"],[0.7777777777777778,\"#fb9f3a\"],[0.8888888888888888,\"#fdca26\"],[1.0,\"#f0f921\"]]}],\"choropleth\":[{\"type\":\"choropleth\",\"colorbar\":{\"outlinewidth\":0,\"ticks\":\"\"}}],\"histogram2d\":[{\"type\":\"histogram2d\",\"colorbar\":{\"outlinewidth\":0,\"ticks\":\"\"},\"colorscale\":[[0.0,\"#0d0887\"],[0.1111111111111111,\"#46039f\"],[0.2222222222222222,\"#7201a8\"],[0.3333333333333333,\"#9c179e\"],[0.4444444444444444,\"#bd3786\"],[0.5555555555555556,\"#d8576b\"],[0.6666666666666666,\"#ed7953\"],[0.7777777777777778,\"#fb9f3a\"],[0.8888888888888888,\"#fdca26\"],[1.0,\"#f0f921\"]]}],\"heatmap\":[{\"type\":\"heatmap\",\"colorbar\":{\"outlinewidth\":0,\"ticks\":\"\"},\"colorscale\":[[0.0,\"#0d0887\"],[0.1111111111111111,\"#46039f\"],[0.2222222222222222,\"#7201a8\"],[0.3333333333333333,\"#9c179e\"],[0.4444444444444444,\"#bd3786\"],[0.5555555555555556,\"#d8576b\"],[0.6666666666666666,\"#ed7953\"],[0.7777777777777778,\"#fb9f3a\"],[0.8888888888888888,\"#fdca26\"],[1.0,\"#f0f921\"]]}],\"heatmapgl\":[{\"type\":\"heatmapgl\",\"colorbar\":{\"outlinewidth\":0,\"ticks\":\"\"},\"colorscale\":[[0.0,\"#0d0887\"],[0.1111111111111111,\"#46039f\"],[0.2222222222222222,\"#7201a8\"],[0.3333333333333333,\"#9c179e\"],[0.4444444444444444,\"#bd3786\"],[0.5555555555555556,\"#d8576b\"],[0.6666666666666666,\"#ed7953\"],[0.7777777777777778,\"#fb9f3a\"],[0.8888888888888888,\"#fdca26\"],[1.0,\"#f0f921\"]]}],\"contourcarpet\":[{\"type\":\"contourcarpet\",\"colorbar\":{\"outlinewidth\":0,\"ticks\":\"\"}}],\"contour\":[{\"type\":\"contour\",\"colorbar\":{\"outlinewidth\":0,\"ticks\":\"\"},\"colorscale\":[[0.0,\"#0d0887\"],[0.1111111111111111,\"#46039f\"],[0.2222222222222222,\"#7201a8\"],[0.3333333333333333,\"#9c179e\"],[0.4444444444444444,\"#bd3786\"],[0.5555555555555556,\"#d8576b\"],[0.6666666666666666,\"#ed7953\"],[0.7777777777777778,\"#fb9f3a\"],[0.8888888888888888,\"#fdca26\"],[1.0,\"#f0f921\"]]}],\"surface\":[{\"type\":\"surface\",\"colorbar\":{\"outlinewidth\":0,\"ticks\":\"\"},\"colorscale\":[[0.0,\"#0d0887\"],[0.1111111111111111,\"#46039f\"],[0.2222222222222222,\"#7201a8\"],[0.3333333333333333,\"#9c179e\"],[0.4444444444444444,\"#bd3786\"],[0.5555555555555556,\"#d8576b\"],[0.6666666666666666,\"#ed7953\"],[0.7777777777777778,\"#fb9f3a\"],[0.8888888888888888,\"#fdca26\"],[1.0,\"#f0f921\"]]}],\"mesh3d\":[{\"type\":\"mesh3d\",\"colorbar\":{\"outlinewidth\":0,\"ticks\":\"\"}}],\"scatter\":[{\"fillpattern\":{\"fillmode\":\"overlay\",\"size\":10,\"solidity\":0.2},\"type\":\"scatter\"}],\"parcoords\":[{\"type\":\"parcoords\",\"line\":{\"colorbar\":{\"outlinewidth\":0,\"ticks\":\"\"}}}],\"scatterpolargl\":[{\"type\":\"scatterpolargl\",\"marker\":{\"colorbar\":{\"outlinewidth\":0,\"ticks\":\"\"}}}],\"bar\":[{\"error_x\":{\"color\":\"#2a3f5f\"},\"error_y\":{\"color\":\"#2a3f5f\"},\"marker\":{\"line\":{\"color\":\"#E5ECF6\",\"width\":0.5},\"pattern\":{\"fillmode\":\"overlay\",\"size\":10,\"solidity\":0.2}},\"type\":\"bar\"}],\"scattergeo\":[{\"type\":\"scattergeo\",\"marker\":{\"colorbar\":{\"outlinewidth\":0,\"ticks\":\"\"}}}],\"scatterpolar\":[{\"type\":\"scatterpolar\",\"marker\":{\"colorbar\":{\"outlinewidth\":0,\"ticks\":\"\"}}}],\"histogram\":[{\"marker\":{\"pattern\":{\"fillmode\":\"overlay\",\"size\":10,\"solidity\":0.2}},\"type\":\"histogram\"}],\"scattergl\":[{\"type\":\"scattergl\",\"marker\":{\"colorbar\":{\"outlinewidth\":0,\"ticks\":\"\"}}}],\"scatter3d\":[{\"type\":\"scatter3d\",\"line\":{\"colorbar\":{\"outlinewidth\":0,\"ticks\":\"\"}},\"marker\":{\"colorbar\":{\"outlinewidth\":0,\"ticks\":\"\"}}}],\"scattermapbox\":[{\"type\":\"scattermapbox\",\"marker\":{\"colorbar\":{\"outlinewidth\":0,\"ticks\":\"\"}}}],\"scatterternary\":[{\"type\":\"scatterternary\",\"marker\":{\"colorbar\":{\"outlinewidth\":0,\"ticks\":\"\"}}}],\"scattercarpet\":[{\"type\":\"scattercarpet\",\"marker\":{\"colorbar\":{\"outlinewidth\":0,\"ticks\":\"\"}}}],\"carpet\":[{\"aaxis\":{\"endlinecolor\":\"#2a3f5f\",\"gridcolor\":\"white\",\"linecolor\":\"white\",\"minorgridcolor\":\"white\",\"startlinecolor\":\"#2a3f5f\"},\"baxis\":{\"endlinecolor\":\"#2a3f5f\",\"gridcolor\":\"white\",\"linecolor\":\"white\",\"minorgridcolor\":\"white\",\"startlinecolor\":\"#2a3f5f\"},\"type\":\"carpet\"}],\"table\":[{\"cells\":{\"fill\":{\"color\":\"#EBF0F8\"},\"line\":{\"color\":\"white\"}},\"header\":{\"fill\":{\"color\":\"#C8D4E3\"},\"line\":{\"color\":\"white\"}},\"type\":\"table\"}],\"barpolar\":[{\"marker\":{\"line\":{\"color\":\"#E5ECF6\",\"width\":0.5},\"pattern\":{\"fillmode\":\"overlay\",\"size\":10,\"solidity\":0.2}},\"type\":\"barpolar\"}],\"pie\":[{\"automargin\":true,\"type\":\"pie\"}]},\"layout\":{\"autotypenumbers\":\"strict\",\"colorway\":[\"#636efa\",\"#EF553B\",\"#00cc96\",\"#ab63fa\",\"#FFA15A\",\"#19d3f3\",\"#FF6692\",\"#B6E880\",\"#FF97FF\",\"#FECB52\"],\"font\":{\"color\":\"#2a3f5f\"},\"hovermode\":\"closest\",\"hoverlabel\":{\"align\":\"left\"},\"paper_bgcolor\":\"white\",\"plot_bgcolor\":\"#E5ECF6\",\"polar\":{\"bgcolor\":\"#E5ECF6\",\"angularaxis\":{\"gridcolor\":\"white\",\"linecolor\":\"white\",\"ticks\":\"\"},\"radialaxis\":{\"gridcolor\":\"white\",\"linecolor\":\"white\",\"ticks\":\"\"}},\"ternary\":{\"bgcolor\":\"#E5ECF6\",\"aaxis\":{\"gridcolor\":\"white\",\"linecolor\":\"white\",\"ticks\":\"\"},\"baxis\":{\"gridcolor\":\"white\",\"linecolor\":\"white\",\"ticks\":\"\"},\"caxis\":{\"gridcolor\":\"white\",\"linecolor\":\"white\",\"ticks\":\"\"}},\"coloraxis\":{\"colorbar\":{\"outlinewidth\":0,\"ticks\":\"\"}},\"colorscale\":{\"sequential\":[[0.0,\"#0d0887\"],[0.1111111111111111,\"#46039f\"],[0.2222222222222222,\"#7201a8\"],[0.3333333333333333,\"#9c179e\"],[0.4444444444444444,\"#bd3786\"],[0.5555555555555556,\"#d8576b\"],[0.6666666666666666,\"#ed7953\"],[0.7777777777777778,\"#fb9f3a\"],[0.8888888888888888,\"#fdca26\"],[1.0,\"#f0f921\"]],\"sequentialminus\":[[0.0,\"#0d0887\"],[0.1111111111111111,\"#46039f\"],[0.2222222222222222,\"#7201a8\"],[0.3333333333333333,\"#9c179e\"],[0.4444444444444444,\"#bd3786\"],[0.5555555555555556,\"#d8576b\"],[0.6666666666666666,\"#ed7953\"],[0.7777777777777778,\"#fb9f3a\"],[0.8888888888888888,\"#fdca26\"],[1.0,\"#f0f921\"]],\"diverging\":[[0,\"#8e0152\"],[0.1,\"#c51b7d\"],[0.2,\"#de77ae\"],[0.3,\"#f1b6da\"],[0.4,\"#fde0ef\"],[0.5,\"#f7f7f7\"],[0.6,\"#e6f5d0\"],[0.7,\"#b8e186\"],[0.8,\"#7fbc41\"],[0.9,\"#4d9221\"],[1,\"#276419\"]]},\"xaxis\":{\"gridcolor\":\"white\",\"linecolor\":\"white\",\"ticks\":\"\",\"title\":{\"standoff\":15},\"zerolinecolor\":\"white\",\"automargin\":true,\"zerolinewidth\":2},\"yaxis\":{\"gridcolor\":\"white\",\"linecolor\":\"white\",\"ticks\":\"\",\"title\":{\"standoff\":15},\"zerolinecolor\":\"white\",\"automargin\":true,\"zerolinewidth\":2},\"scene\":{\"xaxis\":{\"backgroundcolor\":\"#E5ECF6\",\"gridcolor\":\"white\",\"linecolor\":\"white\",\"showbackground\":true,\"ticks\":\"\",\"zerolinecolor\":\"white\",\"gridwidth\":2},\"yaxis\":{\"backgroundcolor\":\"#E5ECF6\",\"gridcolor\":\"white\",\"linecolor\":\"white\",\"showbackground\":true,\"ticks\":\"\",\"zerolinecolor\":\"white\",\"gridwidth\":2},\"zaxis\":{\"backgroundcolor\":\"#E5ECF6\",\"gridcolor\":\"white\",\"linecolor\":\"white\",\"showbackground\":true,\"ticks\":\"\",\"zerolinecolor\":\"white\",\"gridwidth\":2}},\"shapedefaults\":{\"line\":{\"color\":\"#2a3f5f\"}},\"annotationdefaults\":{\"arrowcolor\":\"#2a3f5f\",\"arrowhead\":0,\"arrowwidth\":1},\"geo\":{\"bgcolor\":\"white\",\"landcolor\":\"#E5ECF6\",\"subunitcolor\":\"white\",\"showland\":true,\"showlakes\":true,\"lakecolor\":\"white\"},\"title\":{\"x\":0.05},\"mapbox\":{\"style\":\"light\"}}},\"xaxis\":{\"anchor\":\"y\",\"domain\":[0.0,1.0],\"scaleanchor\":\"y\",\"constrain\":\"domain\",\"title\":{},\"tickfont\":{\"size\":12},\"tickangle\":45},\"yaxis\":{\"anchor\":\"x\",\"domain\":[0.0,1.0],\"autorange\":\"reversed\",\"constrain\":\"domain\",\"title\":{},\"tickfont\":{\"size\":12}},\"coloraxis\":{\"colorbar\":{\"title\":{\"text\":\"Correlation Coefficient\"}},\"colorscale\":[[0.0,\"rgb(103,0,31)\"],[0.1,\"rgb(178,24,43)\"],[0.2,\"rgb(214,96,77)\"],[0.3,\"rgb(244,165,130)\"],[0.4,\"rgb(253,219,199)\"],[0.5,\"rgb(247,247,247)\"],[0.6,\"rgb(209,229,240)\"],[0.7,\"rgb(146,197,222)\"],[0.8,\"rgb(67,147,195)\"],[0.9,\"rgb(33,102,172)\"],[1.0,\"rgb(5,48,97)\"]],\"cmin\":-1,\"cmax\":1},\"title\":{\"text\":\"Correlation Coefficient Heatmap: Influent vs Oxidation_Ditch_Effluent\",\"font\":{\"size\":20},\"x\":0.5},\"margin\":{\"l\":100,\"r\":100,\"t\":100,\"b\":100},\"autosize\":false,\"width\":1200,\"height\":1000},                        {\"responsive\": true}                    ).then(function(){\n",
              "                            \n",
              "var gd = document.getElementById('d5c8f8cb-3910-4145-b004-c459a736a958');\n",
              "var x = new MutationObserver(function (mutations, observer) {{\n",
              "        var display = window.getComputedStyle(gd).display;\n",
              "        if (!display || display === 'none') {{\n",
              "            console.log([gd, 'removed!']);\n",
              "            Plotly.purge(gd);\n",
              "            observer.disconnect();\n",
              "        }}\n",
              "}});\n",
              "\n",
              "// Listen for the removal of the full notebook cells\n",
              "var notebookContainer = gd.closest('#notebook-container');\n",
              "if (notebookContainer) {{\n",
              "    x.observe(notebookContainer, {childList: true});\n",
              "}}\n",
              "\n",
              "// Listen for the clearing of the current output cell\n",
              "var outputEl = gd.closest('.output');\n",
              "if (outputEl) {{\n",
              "    x.observe(outputEl, {childList: true});\n",
              "}}\n",
              "\n",
              "                        })                };                            </script>        </div>\n",
              "</body>\n",
              "</html>"
            ]
          },
          "metadata": {}
        },
        {
          "output_type": "stream",
          "name": "stdout",
          "text": [
            "Bootstrapping correlation matrices...\n",
            "Bootstrapping iteration 0/500...\n",
            "Bootstrapping iteration 100/500...\n",
            "Bootstrapping iteration 200/500...\n",
            "Bootstrapping iteration 300/500...\n",
            "Bootstrapping iteration 400/500...\n",
            "Bootstrapping iteration 0/500...\n",
            "Bootstrapping iteration 100/500...\n",
            "Bootstrapping iteration 200/500...\n",
            "Bootstrapping iteration 300/500...\n",
            "Bootstrapping iteration 400/500...\n",
            "Bootstrapping iteration 0/500...\n",
            "Bootstrapping iteration 100/500...\n",
            "Bootstrapping iteration 200/500...\n",
            "Bootstrapping iteration 300/500...\n",
            "Bootstrapping iteration 400/500...\n",
            "Calculating and correcting p-values...\n",
            "Calculating p-values for correlation matrix...\n",
            "Correcting p-values using Benjamini-Hochberg method...\n",
            "Generating heatmap...\n"
          ]
        },
        {
          "output_type": "display_data",
          "data": {
            "text/html": [
              "<html>\n",
              "<head><meta charset=\"utf-8\" /></head>\n",
              "<body>\n",
              "    <div>            <script src=\"https://cdnjs.cloudflare.com/ajax/libs/mathjax/2.7.5/MathJax.js?config=TeX-AMS-MML_SVG\"></script><script type=\"text/javascript\">if (window.MathJax && window.MathJax.Hub && window.MathJax.Hub.Config) {window.MathJax.Hub.Config({SVG: {font: \"STIX-Web\"}});}</script>                <script type=\"text/javascript\">window.PlotlyConfig = {MathJaxConfig: 'local'};</script>\n",
              "        <script charset=\"utf-8\" src=\"https://cdn.plot.ly/plotly-2.35.2.min.js\"></script>                <div id=\"cd05f197-f6c9-4855-ad8d-2ac43627e89c\" class=\"plotly-graph-div\" style=\"height:1000px; width:1200px;\"></div>            <script type=\"text/javascript\">                                    window.PLOTLYENV=window.PLOTLYENV || {};                                    if (document.getElementById(\"cd05f197-f6c9-4855-ad8d-2ac43627e89c\")) {                    Plotly.newPlot(                        \"cd05f197-f6c9-4855-ad8d-2ac43627e89c\",                        [{\"coloraxis\":\"coloraxis\",\"name\":\"0\",\"texttemplate\":\"%{z:.2f}\",\"x\":[\"ammonia_Oxidation_Ditch_Effluent\",\"ammonia_Plant_Effluent\",\"cod_Oxidation_Ditch_Effluent\",\"cod_Plant_Effluent\",\"do_Oxidation_Ditch_Effluent\",\"do_Plant_Effluent\",\"nitrate_Oxidation_Ditch_Effluent\",\"nitrate_Plant_Effluent\",\"nitrite_Oxidation_Ditch_Effluent\",\"nitrite_Plant_Effluent\",\"ph_Oxidation_Ditch_Effluent\",\"ph_Plant_Effluent\",\"phosphorus_Oxidation_Ditch_Effluent\",\"phosphorus_Plant_Effluent\",\"temperature_Oxidation_Ditch_Effluent\",\"temperature_Plant_Effluent\",\"tkn_Oxidation_Ditch_Effluent\",\"tkn_Plant_Effluent\",\"total nitrogen_Oxidation_Ditch_Effluent\",\"total nitrogen_Plant_Effluent\",\"tss_Oxidation_Ditch_Effluent\",\"tss_Plant_Effluent\"],\"y\":[\"ammonia_Oxidation_Ditch_Effluent\",\"ammonia_Plant_Effluent\",\"cod_Oxidation_Ditch_Effluent\",\"cod_Plant_Effluent\",\"do_Oxidation_Ditch_Effluent\",\"do_Plant_Effluent\",\"nitrate_Oxidation_Ditch_Effluent\",\"nitrate_Plant_Effluent\",\"nitrite_Oxidation_Ditch_Effluent\",\"nitrite_Plant_Effluent\",\"ph_Oxidation_Ditch_Effluent\",\"ph_Plant_Effluent\",\"phosphorus_Oxidation_Ditch_Effluent\",\"phosphorus_Plant_Effluent\",\"temperature_Oxidation_Ditch_Effluent\",\"temperature_Plant_Effluent\",\"tkn_Oxidation_Ditch_Effluent\",\"tkn_Plant_Effluent\",\"total nitrogen_Oxidation_Ditch_Effluent\",\"total nitrogen_Plant_Effluent\",\"tss_Oxidation_Ditch_Effluent\",\"tss_Plant_Effluent\"],\"z\":[[1.0,0.0,0.6321077939057278,0.0,0.0,0.0,0.0,0.0,0.0,0.0,0.0,0.0,0.0,0.0,0.0,0.0,0.0,0.0,0.0,0.0,0.6532424172477014,0.0],[0.0,1.0,0.0,0.0,0.0,0.0,0.0,0.0,0.0,0.0,0.0,0.0,0.0,0.0,0.0,0.0,-0.44365278144833864,0.0,0.0,0.0,0.0,0.0],[0.6321077939057278,0.0,1.0,0.0,0.0,0.0,0.6196347488562655,0.6692416351746192,0.6800765468153167,0.0,-0.6853313480827988,-0.546009757153664,0.6805123745178158,0.0,-0.7789696033025723,-0.7813699827224477,0.0,0.0,0.0,0.6454888285788516,0.8738694423000967,0.0],[0.0,0.0,0.0,1.0,0.0,0.0,0.0,0.0,0.5441104609375741,0.7567140809887758,0.0,0.0,0.0,0.0,0.0,0.0,0.0,0.0,0.0,0.0,0.0,0.0],[0.0,0.0,0.0,0.0,1.0,0.0,0.0,0.0,0.0,0.0,0.0,0.0,0.0,0.0,0.0,0.0,0.0,0.0,0.0,0.0,0.0,0.0],[0.0,0.0,0.0,0.0,0.0,1.0,0.0,0.0,0.0,0.0,0.0,0.0,0.0,0.0,0.0,0.0,0.0,0.0,0.0,0.0,0.0,0.0],[0.0,0.0,0.6196347488562655,0.0,0.0,0.0,1.0,0.9341160781678001,0.0,0.0,-0.7901764224294544,-0.7507628937923964,0.5042867562352418,0.0,-0.6219167107796135,0.0,0.0,0.0,0.8239382759314237,0.9132869068667353,0.5859876438436894,0.0],[0.0,0.0,0.6692416351746192,0.0,0.0,0.0,0.9341160781678001,1.0,0.0,0.0,-0.8233683114239577,-0.7460362096237118,0.5743075886346594,0.0,0.0,0.0,0.0,0.0,0.7339686850747199,0.9145280026027841,0.0,0.0],[0.0,0.0,0.6800765468153167,0.5441104609375741,0.0,0.0,0.0,0.0,1.0,0.0,-0.5089624368708877,-0.4571204927615778,0.6982895132922424,0.0,-0.5110124068177057,0.0,0.0,0.0,0.0,0.0,0.6322308828380225,0.0],[0.0,0.0,0.0,0.7567140809887758,0.0,0.0,0.0,0.0,0.0,1.0,0.0,0.0,0.0,0.0,0.0,0.0,0.0,0.0,0.0,0.0,0.0,0.0],[0.0,0.0,-0.6853313480827988,0.0,0.0,0.0,-0.7901764224294544,-0.8233683114239577,-0.5089624368708877,0.0,1.0,0.7781819004805852,-0.5822131453010218,0.0,0.6542388280848168,0.617402022448854,0.0,0.0,0.0,-0.7662917504763813,-0.6754022543120192,0.0],[0.0,0.0,-0.546009757153664,0.0,0.0,0.0,-0.7507628937923964,-0.7460362096237118,-0.4571204927615778,0.0,0.7781819004805852,1.0,-0.5564713802242295,0.0,0.0,0.0,0.0,0.0,0.0,-0.790825299258027,-0.5239888052997659,0.0],[0.0,0.0,0.6805123745178158,0.0,0.0,0.0,0.5042867562352418,0.5743075886346594,0.6982895132922424,0.0,-0.5822131453010218,-0.5564713802242295,1.0,0.0,-0.47326566851327917,0.0,0.0,0.0,0.0,0.634221620027945,0.5425369619824078,0.0],[0.0,0.0,0.0,0.0,0.0,0.0,0.0,0.0,0.0,0.0,0.0,0.0,0.0,1.0,0.0,0.0,0.0,0.0,0.0,0.0,0.0,0.0],[0.0,0.0,-0.7789696033025723,0.0,0.0,0.0,-0.6219167107796135,0.0,-0.5110124068177057,0.0,0.6542388280848168,0.0,-0.47326566851327917,0.0,1.0,0.9551421881492411,0.0,0.0,0.0,0.0,-0.7954064305780091,0.0],[0.0,0.0,-0.7813699827224477,0.0,0.0,0.0,0.0,0.0,0.0,0.0,0.617402022448854,0.0,0.0,0.0,0.9551421881492411,1.0,0.0,0.0,0.0,0.0,-0.7834548884648173,0.0],[0.0,-0.44365278144833864,0.0,0.0,0.0,0.0,0.0,0.0,0.0,0.0,0.0,0.0,0.0,0.0,0.0,0.0,1.0,0.5134143507307979,0.59014458750068,0.0,0.0,0.0],[0.0,0.0,0.0,0.0,0.0,0.0,0.0,0.0,0.0,0.0,0.0,0.0,0.0,0.0,0.0,0.0,0.5134143507307979,1.0,0.0,0.0,0.0,0.0],[0.0,0.0,0.0,0.0,0.0,0.0,0.8239382759314237,0.7339686850747199,0.0,0.0,0.0,0.0,0.0,0.0,0.0,0.0,0.59014458750068,0.0,1.0,0.8465513507764281,0.0,0.0],[0.0,0.0,0.6454888285788516,0.0,0.0,0.0,0.9132869068667353,0.9145280026027841,0.0,0.0,-0.7662917504763813,-0.790825299258027,0.634221620027945,0.0,0.0,0.0,0.0,0.0,0.8465513507764281,1.0,0.0,-0.5985501364644131],[0.6532424172477014,0.0,0.8738694423000967,0.0,0.0,0.0,0.5859876438436894,0.0,0.6322308828380225,0.0,-0.6754022543120192,-0.5239888052997659,0.5425369619824078,0.0,-0.7954064305780091,-0.7834548884648173,0.0,0.0,0.0,0.0,1.0,0.0],[0.0,0.0,0.0,0.0,0.0,0.0,0.0,0.0,0.0,0.0,0.0,0.0,0.0,0.0,0.0,0.0,0.0,0.0,0.0,-0.5985501364644131,0.0,1.0]],\"type\":\"heatmap\",\"xaxis\":\"x\",\"yaxis\":\"y\",\"hovertemplate\":\"Oxidation_Ditch_Effluent: %{x}\\u003cbr\\u003ePlant_Effluent: %{y}\\u003cbr\\u003eCorrelation Coefficient: %{z}\\u003cextra\\u003e\\u003c\\u002fextra\\u003e\"}],                        {\"template\":{\"data\":{\"histogram2dcontour\":[{\"type\":\"histogram2dcontour\",\"colorbar\":{\"outlinewidth\":0,\"ticks\":\"\"},\"colorscale\":[[0.0,\"#0d0887\"],[0.1111111111111111,\"#46039f\"],[0.2222222222222222,\"#7201a8\"],[0.3333333333333333,\"#9c179e\"],[0.4444444444444444,\"#bd3786\"],[0.5555555555555556,\"#d8576b\"],[0.6666666666666666,\"#ed7953\"],[0.7777777777777778,\"#fb9f3a\"],[0.8888888888888888,\"#fdca26\"],[1.0,\"#f0f921\"]]}],\"choropleth\":[{\"type\":\"choropleth\",\"colorbar\":{\"outlinewidth\":0,\"ticks\":\"\"}}],\"histogram2d\":[{\"type\":\"histogram2d\",\"colorbar\":{\"outlinewidth\":0,\"ticks\":\"\"},\"colorscale\":[[0.0,\"#0d0887\"],[0.1111111111111111,\"#46039f\"],[0.2222222222222222,\"#7201a8\"],[0.3333333333333333,\"#9c179e\"],[0.4444444444444444,\"#bd3786\"],[0.5555555555555556,\"#d8576b\"],[0.6666666666666666,\"#ed7953\"],[0.7777777777777778,\"#fb9f3a\"],[0.8888888888888888,\"#fdca26\"],[1.0,\"#f0f921\"]]}],\"heatmap\":[{\"type\":\"heatmap\",\"colorbar\":{\"outlinewidth\":0,\"ticks\":\"\"},\"colorscale\":[[0.0,\"#0d0887\"],[0.1111111111111111,\"#46039f\"],[0.2222222222222222,\"#7201a8\"],[0.3333333333333333,\"#9c179e\"],[0.4444444444444444,\"#bd3786\"],[0.5555555555555556,\"#d8576b\"],[0.6666666666666666,\"#ed7953\"],[0.7777777777777778,\"#fb9f3a\"],[0.8888888888888888,\"#fdca26\"],[1.0,\"#f0f921\"]]}],\"heatmapgl\":[{\"type\":\"heatmapgl\",\"colorbar\":{\"outlinewidth\":0,\"ticks\":\"\"},\"colorscale\":[[0.0,\"#0d0887\"],[0.1111111111111111,\"#46039f\"],[0.2222222222222222,\"#7201a8\"],[0.3333333333333333,\"#9c179e\"],[0.4444444444444444,\"#bd3786\"],[0.5555555555555556,\"#d8576b\"],[0.6666666666666666,\"#ed7953\"],[0.7777777777777778,\"#fb9f3a\"],[0.8888888888888888,\"#fdca26\"],[1.0,\"#f0f921\"]]}],\"contourcarpet\":[{\"type\":\"contourcarpet\",\"colorbar\":{\"outlinewidth\":0,\"ticks\":\"\"}}],\"contour\":[{\"type\":\"contour\",\"colorbar\":{\"outlinewidth\":0,\"ticks\":\"\"},\"colorscale\":[[0.0,\"#0d0887\"],[0.1111111111111111,\"#46039f\"],[0.2222222222222222,\"#7201a8\"],[0.3333333333333333,\"#9c179e\"],[0.4444444444444444,\"#bd3786\"],[0.5555555555555556,\"#d8576b\"],[0.6666666666666666,\"#ed7953\"],[0.7777777777777778,\"#fb9f3a\"],[0.8888888888888888,\"#fdca26\"],[1.0,\"#f0f921\"]]}],\"surface\":[{\"type\":\"surface\",\"colorbar\":{\"outlinewidth\":0,\"ticks\":\"\"},\"colorscale\":[[0.0,\"#0d0887\"],[0.1111111111111111,\"#46039f\"],[0.2222222222222222,\"#7201a8\"],[0.3333333333333333,\"#9c179e\"],[0.4444444444444444,\"#bd3786\"],[0.5555555555555556,\"#d8576b\"],[0.6666666666666666,\"#ed7953\"],[0.7777777777777778,\"#fb9f3a\"],[0.8888888888888888,\"#fdca26\"],[1.0,\"#f0f921\"]]}],\"mesh3d\":[{\"type\":\"mesh3d\",\"colorbar\":{\"outlinewidth\":0,\"ticks\":\"\"}}],\"scatter\":[{\"fillpattern\":{\"fillmode\":\"overlay\",\"size\":10,\"solidity\":0.2},\"type\":\"scatter\"}],\"parcoords\":[{\"type\":\"parcoords\",\"line\":{\"colorbar\":{\"outlinewidth\":0,\"ticks\":\"\"}}}],\"scatterpolargl\":[{\"type\":\"scatterpolargl\",\"marker\":{\"colorbar\":{\"outlinewidth\":0,\"ticks\":\"\"}}}],\"bar\":[{\"error_x\":{\"color\":\"#2a3f5f\"},\"error_y\":{\"color\":\"#2a3f5f\"},\"marker\":{\"line\":{\"color\":\"#E5ECF6\",\"width\":0.5},\"pattern\":{\"fillmode\":\"overlay\",\"size\":10,\"solidity\":0.2}},\"type\":\"bar\"}],\"scattergeo\":[{\"type\":\"scattergeo\",\"marker\":{\"colorbar\":{\"outlinewidth\":0,\"ticks\":\"\"}}}],\"scatterpolar\":[{\"type\":\"scatterpolar\",\"marker\":{\"colorbar\":{\"outlinewidth\":0,\"ticks\":\"\"}}}],\"histogram\":[{\"marker\":{\"pattern\":{\"fillmode\":\"overlay\",\"size\":10,\"solidity\":0.2}},\"type\":\"histogram\"}],\"scattergl\":[{\"type\":\"scattergl\",\"marker\":{\"colorbar\":{\"outlinewidth\":0,\"ticks\":\"\"}}}],\"scatter3d\":[{\"type\":\"scatter3d\",\"line\":{\"colorbar\":{\"outlinewidth\":0,\"ticks\":\"\"}},\"marker\":{\"colorbar\":{\"outlinewidth\":0,\"ticks\":\"\"}}}],\"scattermapbox\":[{\"type\":\"scattermapbox\",\"marker\":{\"colorbar\":{\"outlinewidth\":0,\"ticks\":\"\"}}}],\"scatterternary\":[{\"type\":\"scatterternary\",\"marker\":{\"colorbar\":{\"outlinewidth\":0,\"ticks\":\"\"}}}],\"scattercarpet\":[{\"type\":\"scattercarpet\",\"marker\":{\"colorbar\":{\"outlinewidth\":0,\"ticks\":\"\"}}}],\"carpet\":[{\"aaxis\":{\"endlinecolor\":\"#2a3f5f\",\"gridcolor\":\"white\",\"linecolor\":\"white\",\"minorgridcolor\":\"white\",\"startlinecolor\":\"#2a3f5f\"},\"baxis\":{\"endlinecolor\":\"#2a3f5f\",\"gridcolor\":\"white\",\"linecolor\":\"white\",\"minorgridcolor\":\"white\",\"startlinecolor\":\"#2a3f5f\"},\"type\":\"carpet\"}],\"table\":[{\"cells\":{\"fill\":{\"color\":\"#EBF0F8\"},\"line\":{\"color\":\"white\"}},\"header\":{\"fill\":{\"color\":\"#C8D4E3\"},\"line\":{\"color\":\"white\"}},\"type\":\"table\"}],\"barpolar\":[{\"marker\":{\"line\":{\"color\":\"#E5ECF6\",\"width\":0.5},\"pattern\":{\"fillmode\":\"overlay\",\"size\":10,\"solidity\":0.2}},\"type\":\"barpolar\"}],\"pie\":[{\"automargin\":true,\"type\":\"pie\"}]},\"layout\":{\"autotypenumbers\":\"strict\",\"colorway\":[\"#636efa\",\"#EF553B\",\"#00cc96\",\"#ab63fa\",\"#FFA15A\",\"#19d3f3\",\"#FF6692\",\"#B6E880\",\"#FF97FF\",\"#FECB52\"],\"font\":{\"color\":\"#2a3f5f\"},\"hovermode\":\"closest\",\"hoverlabel\":{\"align\":\"left\"},\"paper_bgcolor\":\"white\",\"plot_bgcolor\":\"#E5ECF6\",\"polar\":{\"bgcolor\":\"#E5ECF6\",\"angularaxis\":{\"gridcolor\":\"white\",\"linecolor\":\"white\",\"ticks\":\"\"},\"radialaxis\":{\"gridcolor\":\"white\",\"linecolor\":\"white\",\"ticks\":\"\"}},\"ternary\":{\"bgcolor\":\"#E5ECF6\",\"aaxis\":{\"gridcolor\":\"white\",\"linecolor\":\"white\",\"ticks\":\"\"},\"baxis\":{\"gridcolor\":\"white\",\"linecolor\":\"white\",\"ticks\":\"\"},\"caxis\":{\"gridcolor\":\"white\",\"linecolor\":\"white\",\"ticks\":\"\"}},\"coloraxis\":{\"colorbar\":{\"outlinewidth\":0,\"ticks\":\"\"}},\"colorscale\":{\"sequential\":[[0.0,\"#0d0887\"],[0.1111111111111111,\"#46039f\"],[0.2222222222222222,\"#7201a8\"],[0.3333333333333333,\"#9c179e\"],[0.4444444444444444,\"#bd3786\"],[0.5555555555555556,\"#d8576b\"],[0.6666666666666666,\"#ed7953\"],[0.7777777777777778,\"#fb9f3a\"],[0.8888888888888888,\"#fdca26\"],[1.0,\"#f0f921\"]],\"sequentialminus\":[[0.0,\"#0d0887\"],[0.1111111111111111,\"#46039f\"],[0.2222222222222222,\"#7201a8\"],[0.3333333333333333,\"#9c179e\"],[0.4444444444444444,\"#bd3786\"],[0.5555555555555556,\"#d8576b\"],[0.6666666666666666,\"#ed7953\"],[0.7777777777777778,\"#fb9f3a\"],[0.8888888888888888,\"#fdca26\"],[1.0,\"#f0f921\"]],\"diverging\":[[0,\"#8e0152\"],[0.1,\"#c51b7d\"],[0.2,\"#de77ae\"],[0.3,\"#f1b6da\"],[0.4,\"#fde0ef\"],[0.5,\"#f7f7f7\"],[0.6,\"#e6f5d0\"],[0.7,\"#b8e186\"],[0.8,\"#7fbc41\"],[0.9,\"#4d9221\"],[1,\"#276419\"]]},\"xaxis\":{\"gridcolor\":\"white\",\"linecolor\":\"white\",\"ticks\":\"\",\"title\":{\"standoff\":15},\"zerolinecolor\":\"white\",\"automargin\":true,\"zerolinewidth\":2},\"yaxis\":{\"gridcolor\":\"white\",\"linecolor\":\"white\",\"ticks\":\"\",\"title\":{\"standoff\":15},\"zerolinecolor\":\"white\",\"automargin\":true,\"zerolinewidth\":2},\"scene\":{\"xaxis\":{\"backgroundcolor\":\"#E5ECF6\",\"gridcolor\":\"white\",\"linecolor\":\"white\",\"showbackground\":true,\"ticks\":\"\",\"zerolinecolor\":\"white\",\"gridwidth\":2},\"yaxis\":{\"backgroundcolor\":\"#E5ECF6\",\"gridcolor\":\"white\",\"linecolor\":\"white\",\"showbackground\":true,\"ticks\":\"\",\"zerolinecolor\":\"white\",\"gridwidth\":2},\"zaxis\":{\"backgroundcolor\":\"#E5ECF6\",\"gridcolor\":\"white\",\"linecolor\":\"white\",\"showbackground\":true,\"ticks\":\"\",\"zerolinecolor\":\"white\",\"gridwidth\":2}},\"shapedefaults\":{\"line\":{\"color\":\"#2a3f5f\"}},\"annotationdefaults\":{\"arrowcolor\":\"#2a3f5f\",\"arrowhead\":0,\"arrowwidth\":1},\"geo\":{\"bgcolor\":\"white\",\"landcolor\":\"#E5ECF6\",\"subunitcolor\":\"white\",\"showland\":true,\"showlakes\":true,\"lakecolor\":\"white\"},\"title\":{\"x\":0.05},\"mapbox\":{\"style\":\"light\"}}},\"xaxis\":{\"anchor\":\"y\",\"domain\":[0.0,1.0],\"scaleanchor\":\"y\",\"constrain\":\"domain\",\"title\":{},\"tickfont\":{\"size\":12},\"tickangle\":45},\"yaxis\":{\"anchor\":\"x\",\"domain\":[0.0,1.0],\"autorange\":\"reversed\",\"constrain\":\"domain\",\"title\":{},\"tickfont\":{\"size\":12}},\"coloraxis\":{\"colorbar\":{\"title\":{\"text\":\"Correlation Coefficient\"}},\"colorscale\":[[0.0,\"rgb(103,0,31)\"],[0.1,\"rgb(178,24,43)\"],[0.2,\"rgb(214,96,77)\"],[0.3,\"rgb(244,165,130)\"],[0.4,\"rgb(253,219,199)\"],[0.5,\"rgb(247,247,247)\"],[0.6,\"rgb(209,229,240)\"],[0.7,\"rgb(146,197,222)\"],[0.8,\"rgb(67,147,195)\"],[0.9,\"rgb(33,102,172)\"],[1.0,\"rgb(5,48,97)\"]],\"cmin\":-1,\"cmax\":1},\"title\":{\"text\":\"Correlation Coefficient Heatmap: Oxidation_Ditch_Effluent vs Plant_Effluent\",\"font\":{\"size\":20},\"x\":0.5},\"margin\":{\"l\":100,\"r\":100,\"t\":100,\"b\":100},\"autosize\":false,\"width\":1200,\"height\":1000},                        {\"responsive\": true}                    ).then(function(){\n",
              "                            \n",
              "var gd = document.getElementById('cd05f197-f6c9-4855-ad8d-2ac43627e89c');\n",
              "var x = new MutationObserver(function (mutations, observer) {{\n",
              "        var display = window.getComputedStyle(gd).display;\n",
              "        if (!display || display === 'none') {{\n",
              "            console.log([gd, 'removed!']);\n",
              "            Plotly.purge(gd);\n",
              "            observer.disconnect();\n",
              "        }}\n",
              "}});\n",
              "\n",
              "// Listen for the removal of the full notebook cells\n",
