{
  "nbformat": 4,
  "nbformat_minor": 0,
  "metadata": {
    "colab": {
      "provenance": [],
      "authorship_tag": "ABX9TyMz54MEE/Quq9Om1ii5Jgnf",
      "include_colab_link": true
    },
    "kernelspec": {
      "name": "python3",
      "display_name": "Python 3"
    },
    "language_info": {
      "name": "python"
    }
  },
  "cells": [
    {
      "cell_type": "markdown",
      "metadata": {
        "id": "view-in-github",
        "colab_type": "text"
      },
      "source": [
        "<a href=\"https://colab.research.google.com/github/gregor-posadas/Gregor-Projects/blob/main/WWTP_Heatmap_Correlation_Program_12A_(Process_Based_Correlation).ipynb\" target=\"_parent\"><img src=\"https://colab.research.google.com/assets/colab-badge.svg\" alt=\"Open In Colab\"/></a>"
      ]
    },
    {
      "cell_type": "code",
      "execution_count": 4,
      "metadata": {
        "id": "BLqLawLQWCUt",
        "colab": {
          "base_uri": "https://localhost:8080/",
          "height": 1000
        },
        "outputId": "65e2aba5-5293-497b-fe49-355f49aeefa4"
      },
      "outputs": [
        {
          "output_type": "stream",
          "name": "stdout",
          "text": [
            "Upload data files for the WWTP unit processes in sequence.\n",
            "Enter the full path to the next process file (e.g., Influent): /content/Influent Parameters.csv\n",
            "What is the name of this process? (e.g., Influent): Influent\n",
            "Do you want to add another process file? (yes/no): yes\n",
            "Enter the full path to the next process file (e.g., Influent): /content/Oxidation Ditch Effluent Parameters.xlsx\n",
            "What is the name of this process? (e.g., Influent): Oxidation Ditch Effluent\n",
            "Do you want to add another process file? (yes/no): yes\n",
            "Enter the full path to the next process file (e.g., Influent): /content/Plant Effluent Parameters.xlsx\n",
            "What is the name of this process? (e.g., Influent): Plant Effluent\n",
            "Do you want to add another process file? (yes/no): no\n",
            "Reading file: /content/Influent Parameters.csv\n",
            "Applying Z-Score Method to filter outliers...\n",
            "Finished processing file: /content/Influent Parameters.csv\n",
            "Reading file: /content/Oxidation Ditch Effluent Parameters.xlsx\n",
            "Applying Z-Score Method to filter outliers...\n",
            "Finished processing file: /content/Oxidation Ditch Effluent Parameters.xlsx\n",
            "Reading file: /content/Plant Effluent Parameters.xlsx\n",
            "Applying Z-Score Method to filter outliers...\n",
            "Finished processing file: /content/Plant Effluent Parameters.xlsx\n",
            "\n",
            "The following parameters passed the conditions for network diagram production:\n",
            "- nitrite\n",
            "- total nitrogen\n",
            "- cod\n",
            "- tss\n",
            "- tkn\n",
            "- ammonia\n",
            "- ph\n",
            "- do\n",
            "- temperature\n",
            "- nitrate\n",
            "- phosphorus\n",
            "Generating heatmap between Influent and Oxidation Ditch Effluent...\n",
            "Aligning datasets for Influent and Oxidation Ditch Effluent...\n",
            "Reading file: /content/Influent Parameters.csv\n",
            "Applying Z-Score Method to filter outliers...\n",
            "Finished processing file: /content/Influent Parameters.csv\n",
            "Reading file: /content/Oxidation Ditch Effluent Parameters.xlsx\n",
            "Applying Z-Score Method to filter outliers...\n",
            "Finished processing file: /content/Oxidation Ditch Effluent Parameters.xlsx\n",
            "Datasets aligned for Influent and Oxidation Ditch Effluent.\n",
            "Bootstrapping correlation matrices...\n",
            "Bootstrapping iteration 0/500...\n",
            "Bootstrapping iteration 100/500...\n",
            "Bootstrapping iteration 200/500...\n",
            "Bootstrapping iteration 300/500...\n",
            "Bootstrapping iteration 400/500...\n",
            "Bootstrapping iteration 0/500...\n",
            "Bootstrapping iteration 100/500...\n",
            "Bootstrapping iteration 200/500...\n",
            "Bootstrapping iteration 300/500...\n",
            "Bootstrapping iteration 400/500...\n",
            "Bootstrapping iteration 0/500...\n",
            "Bootstrapping iteration 100/500...\n",
            "Bootstrapping iteration 200/500...\n",
            "Bootstrapping iteration 300/500...\n",
            "Bootstrapping iteration 400/500...\n",
            "Calculating and correcting p-values...\n",
            "Calculating p-values for correlation matrix...\n",
            "Correcting p-values using Benjamini-Hochberg method...\n",
            "Generating heatmap...\n"
          ]
        },
        {
          "output_type": "display_data",
          "data": {
            "text/html": [
              "<html>\n",
              "<head><meta charset=\"utf-8\" /></head>\n",
              "<body>\n",
              "    <div>            <script src=\"https://cdnjs.cloudflare.com/ajax/libs/mathjax/2.7.5/MathJax.js?config=TeX-AMS-MML_SVG\"></script><script type=\"text/javascript\">if (window.MathJax && window.MathJax.Hub && window.MathJax.Hub.Config) {window.MathJax.Hub.Config({SVG: {font: \"STIX-Web\"}});}</script>                <script type=\"text/javascript\">window.PlotlyConfig = {MathJaxConfig: 'local'};</script>\n",
              "        <script charset=\"utf-8\" src=\"https://cdn.plot.ly/plotly-2.35.2.min.js\"></script>                <div id=\"94ad9b8f-decd-4bd9-9ef8-b5b1fddcd852\" class=\"plotly-graph-div\" style=\"height:1000px; width:1200px;\"></div>            <script type=\"text/javascript\">                                    window.PLOTLYENV=window.PLOTLYENV || {};                                    if (document.getElementById(\"94ad9b8f-decd-4bd9-9ef8-b5b1fddcd852\")) {                    Plotly.newPlot(                        \"94ad9b8f-decd-4bd9-9ef8-b5b1fddcd852\",                        [{\"coloraxis\":\"coloraxis\",\"name\":\"0\",\"texttemplate\":\"%{z:.2f}\",\"x\":[\"ammonia_Influent\",\"ammonia_Oxidation Ditch Effluent\",\"bod5\",\"cellular atp\",\"cod_Influent\",\"cod_Oxidation Ditch Effluent\",\"dissolved atp\",\"do_Influent\",\"do_Oxidation Ditch Effluent\",\"nitrate_Influent\",\"nitrate_Oxidation Ditch Effluent\",\"nitrite_Influent\",\"nitrite_Oxidation Ditch Effluent\",\"ph_Influent\",\"ph_Oxidation Ditch Effluent\",\"phosphorus_Influent\",\"phosphorus_Oxidation Ditch Effluent\",\"sv30\",\"svi\",\"temperature_Influent\",\"temperature_Oxidation Ditch Effluent\",\"tkn_Influent\",\"tkn_Oxidation Ditch Effluent\",\"total atp\",\"total nitrogen_Influent\",\"total nitrogen_Oxidation Ditch Effluent\",\"tss_Influent\",\"tss_Oxidation Ditch Effluent\"],\"y\":[\"ammonia_Influent\",\"ammonia_Oxidation Ditch Effluent\",\"bod5\",\"cellular atp\",\"cod_Influent\",\"cod_Oxidation Ditch Effluent\",\"dissolved atp\",\"do_Influent\",\"do_Oxidation Ditch Effluent\",\"nitrate_Influent\",\"nitrate_Oxidation Ditch Effluent\",\"nitrite_Influent\",\"nitrite_Oxidation Ditch Effluent\",\"ph_Influent\",\"ph_Oxidation Ditch Effluent\",\"phosphorus_Influent\",\"phosphorus_Oxidation Ditch Effluent\",\"sv30\",\"svi\",\"temperature_Influent\",\"temperature_Oxidation Ditch Effluent\",\"tkn_Influent\",\"tkn_Oxidation Ditch Effluent\",\"total atp\",\"total nitrogen_Influent\",\"total nitrogen_Oxidation Ditch Effluent\",\"tss_Influent\",\"tss_Oxidation Ditch Effluent\"],\"z\":[[1.0,0.4693950204421083,0.0,0.0,0.0,0.41736979696709803,0.20348423233329174,0.0,0.0,0.0,0.0,0.0,0.4199268443460184,0.628500944646201,-0.5646360606074774,0.5661902818581118,0.4408973855796973,0.0,0.0,-0.5771177593711867,-0.5604571768633813,0.8334655354232666,0.0,0.2598838464890775,0.8324769348978714,0.0,0.0,0.5912941272634181],[0.4693950204421083,1.0,0.0,0.0,0.0,0.6363018066965846,0.3686873065447738,0.4746314866177724,0.0,0.0,0.5026976806949454,0.0,0.5052916808125901,0.0,-0.5435351281140486,0.0,0.48360728528491687,0.0,0.0,-0.5897313386256099,-0.6712673329258588,0.45005575115042157,0.0,0.0,0.44977226554766075,0.0,0.0,0.6378635738517555],[0.0,0.0,1.0,0.0,0.5355359760041464,0.0,0.0,0.0,0.0,0.45209711019469845,0.0,0.0,0.0,-0.5054962206576001,0.0,0.0,0.0,0.0,0.0,0.0,0.0,0.0,0.0,0.0,0.0,0.0,0.0,0.0],[0.0,0.0,0.0,1.0,0.0,0.0,0.5108696463848498,0.0,0.0,0.0,0.0,0.0,0.0,0.0,0.0,0.0,0.0,0.0,0.0,-0.4373418132454952,-0.35054278344587125,0.0,0.0,0.8544893876175501,0.0,0.0,0.0,0.0],[0.0,0.0,0.5355359760041464,0.0,1.0,0.0,0.0,0.0,0.0,0.6375329352216209,0.0,0.5311990997475503,0.0,0.0,0.0,0.3788020045121021,0.0,0.0,0.0,0.0,0.0,0.0,0.0,0.0,0.0,0.0,0.0,0.0],[0.41736979696709803,0.6363018066965846,0.0,0.0,0.0,1.0,0.5300208711593367,0.7455833749501494,0.0,0.0,0.8090016859378714,0.0,0.679105482736552,0.0,-0.8196576496737885,0.42011744626080966,0.7227343967031837,0.0,0.0,-0.8125156041653044,-0.7729840516332094,0.3951878925332766,0.0,0.47532820240976315,0.4040248674164874,0.6108773568105665,0.0,0.8604568610632556],[0.20348423233329174,0.3686873065447738,0.0,0.5108696463848498,0.0,0.5300208711593367,1.0,0.0,0.0,0.0,0.0,0.0,0.0,0.0,-0.43011042719673725,0.3142255109710188,0.520528995403521,0.0,0.0,-0.4203372733379726,-0.3798419763779343,0.27973998642761855,0.0,0.7404193943014695,0.2892226529277201,0.39920336644259075,0.0,0.3786858864369173],[0.0,0.4746314866177724,0.0,0.0,0.0,0.7455833749501494,0.0,1.0,0.0,0.0,0.7553529111685036,0.0,0.5050911289576202,0.0,-0.7701538132994687,0.0,0.5223031996383657,0.0,0.0,-0.626269700934812,-0.5759155715332163,0.0,0.0,0.0,0.0,0.5789922246509577,0.0,0.6581783841320245],[0.0,0.0,0.0,0.0,0.0,0.0,0.0,0.0,1.0,0.0,0.0,0.0,0.0,0.0,0.0,0.0,0.0,0.0,0.0,0.0,0.0,0.0,0.0,0.0,0.0,0.0,0.0,0.0],[0.0,0.0,0.45209711019469845,0.0,0.6375329352216209,0.0,0.0,0.0,0.0,1.0,0.0,0.6154255731825443,0.0,0.0,0.0,0.5468773054262307,0.0,0.0,0.0,0.0,0.0,0.0,0.0,0.0,0.0,0.0,0.0,0.0],[0.0,0.5026976806949454,0.0,0.0,0.0,0.8090016859378714,0.0,0.7553529111685036,0.0,0.0,1.0,0.0,0.5802352949918447,0.0,-0.8784855149123921,0.5199754163235443,0.6886757093869229,0.0,-0.5036739020825031,-0.7083825399481295,-0.6626157902761769,0.49941991652390766,0.0,0.0,0.5074168127572043,0.7718739128522295,0.0,0.7881335155883802],[0.0,0.0,0.0,0.0,0.5311990997475503,0.0,0.0,0.0,0.0,0.6154255731825443,0.0,1.0,0.0,0.0,0.0,0.0,0.0,0.0,0.0,0.0,0.0,0.0,0.0,0.0,0.0,0.0,0.0,0.0],[0.4199268443460184,0.5052916808125901,0.0,0.0,0.0,0.679105482736552,0.0,0.5050911289576202,0.0,0.0,0.5802352949918447,0.0,1.0,0.0,-0.6587421791002044,0.0,0.663771742516447,0.0,-0.4559713350403052,-0.6044848204321841,-0.5748729371640877,0.3774572359802515,0.0,0.0,0.38988001119996757,0.0,0.0,0.6740745166603497],[0.628500944646201,0.0,-0.5054962206576001,0.0,0.0,0.0,0.0,0.0,0.0,0.0,0.0,0.0,0.0,1.0,-0.38221634322965475,0.0,0.0,0.0,0.0,-0.48867920124339026,-0.4842407551477961,0.5212760908686511,0.0,0.0,0.5181213446796428,0.0,0.0,0.45797415472219916],[-0.5646360606074774,-0.5435351281140486,0.0,0.0,0.0,-0.8196576496737885,-0.43011042719673725,-0.7701538132994687,0.0,0.0,-0.8784855149123921,0.0,-0.6587421791002044,-0.38221634322965475,1.0,-0.5220711204485284,-0.710712598341703,0.0,0.4675589190134633,0.7379233714332729,0.7412379895320861,-0.6008150979926118,0.0,-0.4343985350902943,-0.6068918656243991,-0.6991620336960445,0.0,-0.7778001105005089],[0.5661902818581118,0.0,0.0,0.0,0.3788020045121021,0.42011744626080966,0.3142255109710188,0.0,0.0,0.5468773054262307,0.5199754163235443,0.0,0.0,0.0,-0.5220711204485284,1.0,0.41238015140625445,0.0,0.0,-0.5362650986602882,-0.45950355853118535,0.7383213613273621,0.0,0.4209946158571019,0.7405325751080102,0.0,0.5930467204312935,0.5921204871133491],[0.4408973855796973,0.48360728528491687,0.0,0.0,0.0,0.7227343967031837,0.520528995403521,0.5223031996383657,0.0,0.0,0.6886757093869229,0.0,0.663771742516447,0.0,-0.710712598341703,0.41238015140625445,1.0,0.0,-0.43731488378668143,-0.7008626795539366,-0.6484584450867328,0.4645564177632278,0.0,0.4782621261485375,0.4710315598858152,0.5705401693580004,0.0,0.7253880788152332],[0.0,0.0,0.0,0.0,0.0,0.0,0.0,0.0,0.0,0.0,0.0,0.0,0.0,0.0,0.0,0.0,0.0,1.0,0.38616922160134726,0.0,-0.5106872545788049,0.0,0.0,0.0,0.0,0.0,0.0,0.0],[0.0,0.0,0.0,0.0,0.0,0.0,0.0,0.0,0.0,0.0,-0.5036739020825031,0.0,-0.4559713350403052,0.0,0.4675589190134633,0.0,-0.43731488378668143,0.38616922160134726,1.0,0.0,0.0,-0.46626308983659537,0.0,0.0,-0.46831887397404665,-0.5841695281076015,0.0,0.0],[-0.5771177593711867,-0.5897313386256099,0.0,-0.4373418132454952,0.0,-0.8125156041653044,-0.4203372733379726,-0.626269700934812,0.0,0.0,-0.7083825399481295,0.0,-0.6044848204321841,-0.48867920124339026,0.7379233714332729,-0.5362650986602882,-0.7008626795539366,0.0,0.0,1.0,0.8827983496038233,-0.5387507192524074,0.0,-0.4989580144141155,-0.542276345812256,-0.5042700869753567,0.0,-0.8518532919237137],[-0.5604571768633813,-0.6712673329258588,0.0,-0.35054278344587125,0.0,-0.7729840516332094,-0.3798419763779343,-0.5759155715332163,0.0,0.0,-0.6626157902761769,0.0,-0.5748729371640877,-0.4842407551477961,0.7412379895320861,-0.45950355853118535,-0.6484584450867328,-0.5106872545788049,0.0,0.8827983496038233,1.0,-0.5256771249490164,0.0,-0.41852889317661895,-0.5303139221409229,0.0,0.0,-0.7944283271442857],[0.8334655354232666,0.45005575115042157,0.0,0.0,0.0,0.3951878925332766,0.27973998642761855,0.0,0.0,0.0,0.49941991652390766,0.0,0.3774572359802515,0.5212760908686511,-0.6008150979926118,0.7383213613273621,0.4645564177632278,0.0,-0.46626308983659537,-0.5387507192524074,-0.5256771249490164,1.0,0.0,0.32976090499684857,0.9973887417303553,0.0,0.0,0.5910535067898857],[0.0,0.0,0.0,0.0,0.0,0.0,0.0,0.0,0.0,0.0,0.0,0.0,0.0,0.0,0.0,0.0,0.0,0.0,0.0,0.0,0.0,0.0,1.0,0.0,0.0,0.5638637308069717,0.0,0.0],[0.2598838464890775,0.0,0.0,0.8544893876175501,0.0,0.47532820240976315,0.7404193943014695,0.0,0.0,0.0,0.0,0.0,0.0,0.0,-0.4343985350902943,0.4209946158571019,0.4782621261485375,0.0,0.0,-0.4989580144141155,-0.41852889317661895,0.32976090499684857,0.0,1.0,0.33481078112302504,0.0,0.0,0.0],[0.8324769348978714,0.44977226554766075,0.0,0.0,0.0,0.4040248674164874,0.2892226529277201,0.0,0.0,0.0,0.5074168127572043,0.0,0.38988001119996757,0.5181213446796428,-0.6068918656243991,0.7405325751080102,0.4710315598858152,0.0,-0.46831887397404665,-0.542276345812256,-0.5303139221409229,0.9973887417303553,0.0,0.33481078112302504,1.0,0.0,0.0,0.5947892809097095],[0.0,0.0,0.0,0.0,0.0,0.6108773568105665,0.39920336644259075,0.5789922246509577,0.0,0.0,0.7718739128522295,0.0,0.0,0.0,-0.6991620336960445,0.0,0.5705401693580004,0.0,-0.5841695281076015,-0.5042700869753567,0.0,0.0,0.5638637308069717,0.0,0.0,1.0,0.0,0.5399684731739524],[0.0,0.0,0.0,0.0,0.0,0.0,0.0,0.0,0.0,0.0,0.0,0.0,0.0,0.0,0.0,0.5930467204312935,0.0,0.0,0.0,0.0,0.0,0.0,0.0,0.0,0.0,0.0,1.0,0.0],[0.5912941272634181,0.6378635738517555,0.0,0.0,0.0,0.8604568610632556,0.3786858864369173,0.6581783841320245,0.0,0.0,0.7881335155883802,0.0,0.6740745166603497,0.45797415472219916,-0.7778001105005089,0.5921204871133491,0.7253880788152332,0.0,0.0,-0.8518532919237137,-0.7944283271442857,0.5910535067898857,0.0,0.0,0.5947892809097095,0.5399684731739524,0.0,1.0]],\"type\":\"heatmap\",\"xaxis\":\"x\",\"yaxis\":\"y\",\"hovertemplate\":\"Influent: %{x}\\u003cbr\\u003eOxidation Ditch Effluent: %{y}\\u003cbr\\u003eCorrelation Coefficient: %{z}\\u003cextra\\u003e\\u003c\\u002fextra\\u003e\"}],                        {\"template\":{\"data\":{\"histogram2dcontour\":[{\"type\":\"histogram2dcontour\",\"colorbar\":{\"outlinewidth\":0,\"ticks\":\"\"},\"colorscale\":[[0.0,\"#0d0887\"],[0.1111111111111111,\"#46039f\"],[0.2222222222222222,\"#7201a8\"],[0.3333333333333333,\"#9c179e\"],[0.4444444444444444,\"#bd3786\"],[0.5555555555555556,\"#d8576b\"],[0.6666666666666666,\"#ed7953\"],[0.7777777777777778,\"#fb9f3a\"],[0.8888888888888888,\"#fdca26\"],[1.0,\"#f0f921\"]]}],\"choropleth\":[{\"type\":\"choropleth\",\"colorbar\":{\"outlinewidth\":0,\"ticks\":\"\"}}],\"histogram2d\":[{\"type\":\"histogram2d\",\"colorbar\":{\"outlinewidth\":0,\"ticks\":\"\"},\"colorscale\":[[0.0,\"#0d0887\"],[0.1111111111111111,\"#46039f\"],[0.2222222222222222,\"#7201a8\"],[0.3333333333333333,\"#9c179e\"],[0.4444444444444444,\"#bd3786\"],[0.5555555555555556,\"#d8576b\"],[0.6666666666666666,\"#ed7953\"],[0.7777777777777778,\"#fb9f3a\"],[0.8888888888888888,\"#fdca26\"],[1.0,\"#f0f921\"]]}],\"heatmap\":[{\"type\":\"heatmap\",\"colorbar\":{\"outlinewidth\":0,\"ticks\":\"\"},\"colorscale\":[[0.0,\"#0d0887\"],[0.1111111111111111,\"#46039f\"],[0.2222222222222222,\"#7201a8\"],[0.3333333333333333,\"#9c179e\"],[0.4444444444444444,\"#bd3786\"],[0.5555555555555556,\"#d8576b\"],[0.6666666666666666,\"#ed7953\"],[0.7777777777777778,\"#fb9f3a\"],[0.8888888888888888,\"#fdca26\"],[1.0,\"#f0f921\"]]}],\"heatmapgl\":[{\"type\":\"heatmapgl\",\"colorbar\":{\"outlinewidth\":0,\"ticks\":\"\"},\"colorscale\":[[0.0,\"#0d0887\"],[0.1111111111111111,\"#46039f\"],[0.2222222222222222,\"#7201a8\"],[0.3333333333333333,\"#9c179e\"],[0.4444444444444444,\"#bd3786\"],[0.5555555555555556,\"#d8576b\"],[0.6666666666666666,\"#ed7953\"],[0.7777777777777778,\"#fb9f3a\"],[0.8888888888888888,\"#fdca26\"],[1.0,\"#f0f921\"]]}],\"contourcarpet\":[{\"type\":\"contourcarpet\",\"colorbar\":{\"outlinewidth\":0,\"ticks\":\"\"}}],\"contour\":[{\"type\":\"contour\",\"colorbar\":{\"outlinewidth\":0,\"ticks\":\"\"},\"colorscale\":[[0.0,\"#0d0887\"],[0.1111111111111111,\"#46039f\"],[0.2222222222222222,\"#7201a8\"],[0.3333333333333333,\"#9c179e\"],[0.4444444444444444,\"#bd3786\"],[0.5555555555555556,\"#d8576b\"],[0.6666666666666666,\"#ed7953\"],[0.7777777777777778,\"#fb9f3a\"],[0.8888888888888888,\"#fdca26\"],[1.0,\"#f0f921\"]]}],\"surface\":[{\"type\":\"surface\",\"colorbar\":{\"outlinewidth\":0,\"ticks\":\"\"},\"colorscale\":[[0.0,\"#0d0887\"],[0.1111111111111111,\"#46039f\"],[0.2222222222222222,\"#7201a8\"],[0.3333333333333333,\"#9c179e\"],[0.4444444444444444,\"#bd3786\"],[0.5555555555555556,\"#d8576b\"],[0.6666666666666666,\"#ed7953\"],[0.7777777777777778,\"#fb9f3a\"],[0.8888888888888888,\"#fdca26\"],[1.0,\"#f0f921\"]]}],\"mesh3d\":[{\"type\":\"mesh3d\",\"colorbar\":{\"outlinewidth\":0,\"ticks\":\"\"}}],\"scatter\":[{\"fillpattern\":{\"fillmode\":\"overlay\",\"size\":10,\"solidity\":0.2},\"type\":\"scatter\"}],\"parcoords\":[{\"type\":\"parcoords\",\"line\":{\"colorbar\":{\"outlinewidth\":0,\"ticks\":\"\"}}}],\"scatterpolargl\":[{\"type\":\"scatterpolargl\",\"marker\":{\"colorbar\":{\"outlinewidth\":0,\"ticks\":\"\"}}}],\"bar\":[{\"error_x\":{\"color\":\"#2a3f5f\"},\"error_y\":{\"color\":\"#2a3f5f\"},\"marker\":{\"line\":{\"color\":\"#E5ECF6\",\"width\":0.5},\"pattern\":{\"fillmode\":\"overlay\",\"size\":10,\"solidity\":0.2}},\"type\":\"bar\"}],\"scattergeo\":[{\"type\":\"scattergeo\",\"marker\":{\"colorbar\":{\"outlinewidth\":0,\"ticks\":\"\"}}}],\"scatterpolar\":[{\"type\":\"scatterpolar\",\"marker\":{\"colorbar\":{\"outlinewidth\":0,\"ticks\":\"\"}}}],\"histogram\":[{\"marker\":{\"pattern\":{\"fillmode\":\"overlay\",\"size\":10,\"solidity\":0.2}},\"type\":\"histogram\"}],\"scattergl\":[{\"type\":\"scattergl\",\"marker\":{\"colorbar\":{\"outlinewidth\":0,\"ticks\":\"\"}}}],\"scatter3d\":[{\"type\":\"scatter3d\",\"line\":{\"colorbar\":{\"outlinewidth\":0,\"ticks\":\"\"}},\"marker\":{\"colorbar\":{\"outlinewidth\":0,\"ticks\":\"\"}}}],\"scattermapbox\":[{\"type\":\"scattermapbox\",\"marker\":{\"colorbar\":{\"outlinewidth\":0,\"ticks\":\"\"}}}],\"scatterternary\":[{\"type\":\"scatterternary\",\"marker\":{\"colorbar\":{\"outlinewidth\":0,\"ticks\":\"\"}}}],\"scattercarpet\":[{\"type\":\"scattercarpet\",\"marker\":{\"colorbar\":{\"outlinewidth\":0,\"ticks\":\"\"}}}],\"carpet\":[{\"aaxis\":{\"endlinecolor\":\"#2a3f5f\",\"gridcolor\":\"white\",\"linecolor\":\"white\",\"minorgridcolor\":\"white\",\"startlinecolor\":\"#2a3f5f\"},\"baxis\":{\"endlinecolor\":\"#2a3f5f\",\"gridcolor\":\"white\",\"linecolor\":\"white\",\"minorgridcolor\":\"white\",\"startlinecolor\":\"#2a3f5f\"},\"type\":\"carpet\"}],\"table\":[{\"cells\":{\"fill\":{\"color\":\"#EBF0F8\"},\"line\":{\"color\":\"white\"}},\"header\":{\"fill\":{\"color\":\"#C8D4E3\"},\"line\":{\"color\":\"white\"}},\"type\":\"table\"}],\"barpolar\":[{\"marker\":{\"line\":{\"color\":\"#E5ECF6\",\"width\":0.5},\"pattern\":{\"fillmode\":\"overlay\",\"size\":10,\"solidity\":0.2}},\"type\":\"barpolar\"}],\"pie\":[{\"automargin\":true,\"type\":\"pie\"}]},\"layout\":{\"autotypenumbers\":\"strict\",\"colorway\":[\"#636efa\",\"#EF553B\",\"#00cc96\",\"#ab63fa\",\"#FFA15A\",\"#19d3f3\",\"#FF6692\",\"#B6E880\",\"#FF97FF\",\"#FECB52\"],\"font\":{\"color\":\"#2a3f5f\"},\"hovermode\":\"closest\",\"hoverlabel\":{\"align\":\"left\"},\"paper_bgcolor\":\"white\",\"plot_bgcolor\":\"#E5ECF6\",\"polar\":{\"bgcolor\":\"#E5ECF6\",\"angularaxis\":{\"gridcolor\":\"white\",\"linecolor\":\"white\",\"ticks\":\"\"},\"radialaxis\":{\"gridcolor\":\"white\",\"linecolor\":\"white\",\"ticks\":\"\"}},\"ternary\":{\"bgcolor\":\"#E5ECF6\",\"aaxis\":{\"gridcolor\":\"white\",\"linecolor\":\"white\",\"ticks\":\"\"},\"baxis\":{\"gridcolor\":\"white\",\"linecolor\":\"white\",\"ticks\":\"\"},\"caxis\":{\"gridcolor\":\"white\",\"linecolor\":\"white\",\"ticks\":\"\"}},\"coloraxis\":{\"colorbar\":{\"outlinewidth\":0,\"ticks\":\"\"}},\"colorscale\":{\"sequential\":[[0.0,\"#0d0887\"],[0.1111111111111111,\"#46039f\"],[0.2222222222222222,\"#7201a8\"],[0.3333333333333333,\"#9c179e\"],[0.4444444444444444,\"#bd3786\"],[0.5555555555555556,\"#d8576b\"],[0.6666666666666666,\"#ed7953\"],[0.7777777777777778,\"#fb9f3a\"],[0.8888888888888888,\"#fdca26\"],[1.0,\"#f0f921\"]],\"sequentialminus\":[[0.0,\"#0d0887\"],[0.1111111111111111,\"#46039f\"],[0.2222222222222222,\"#7201a8\"],[0.3333333333333333,\"#9c179e\"],[0.4444444444444444,\"#bd3786\"],[0.5555555555555556,\"#d8576b\"],[0.6666666666666666,\"#ed7953\"],[0.7777777777777778,\"#fb9f3a\"],[0.8888888888888888,\"#fdca26\"],[1.0,\"#f0f921\"]],\"diverging\":[[0,\"#8e0152\"],[0.1,\"#c51b7d\"],[0.2,\"#de77ae\"],[0.3,\"#f1b6da\"],[0.4,\"#fde0ef\"],[0.5,\"#f7f7f7\"],[0.6,\"#e6f5d0\"],[0.7,\"#b8e186\"],[0.8,\"#7fbc41\"],[0.9,\"#4d9221\"],[1,\"#276419\"]]},\"xaxis\":{\"gridcolor\":\"white\",\"linecolor\":\"white\",\"ticks\":\"\",\"title\":{\"standoff\":15},\"zerolinecolor\":\"white\",\"automargin\":true,\"zerolinewidth\":2},\"yaxis\":{\"gridcolor\":\"white\",\"linecolor\":\"white\",\"ticks\":\"\",\"title\":{\"standoff\":15},\"zerolinecolor\":\"white\",\"automargin\":true,\"zerolinewidth\":2},\"scene\":{\"xaxis\":{\"backgroundcolor\":\"#E5ECF6\",\"gridcolor\":\"white\",\"linecolor\":\"white\",\"showbackground\":true,\"ticks\":\"\",\"zerolinecolor\":\"white\",\"gridwidth\":2},\"yaxis\":{\"backgroundcolor\":\"#E5ECF6\",\"gridcolor\":\"white\",\"linecolor\":\"white\",\"showbackground\":true,\"ticks\":\"\",\"zerolinecolor\":\"white\",\"gridwidth\":2},\"zaxis\":{\"backgroundcolor\":\"#E5ECF6\",\"gridcolor\":\"white\",\"linecolor\":\"white\",\"showbackground\":true,\"ticks\":\"\",\"zerolinecolor\":\"white\",\"gridwidth\":2}},\"shapedefaults\":{\"line\":{\"color\":\"#2a3f5f\"}},\"annotationdefaults\":{\"arrowcolor\":\"#2a3f5f\",\"arrowhead\":0,\"arrowwidth\":1},\"geo\":{\"bgcolor\":\"white\",\"landcolor\":\"#E5ECF6\",\"subunitcolor\":\"white\",\"showland\":true,\"showlakes\":true,\"lakecolor\":\"white\"},\"title\":{\"x\":0.05},\"mapbox\":{\"style\":\"light\"}}},\"xaxis\":{\"anchor\":\"y\",\"domain\":[0.0,1.0],\"scaleanchor\":\"y\",\"constrain\":\"domain\",\"title\":{},\"tickfont\":{\"size\":12},\"tickangle\":45},\"yaxis\":{\"anchor\":\"x\",\"domain\":[0.0,1.0],\"autorange\":\"reversed\",\"constrain\":\"domain\",\"title\":{},\"tickfont\":{\"size\":12}},\"coloraxis\":{\"colorbar\":{\"title\":{\"text\":\"Correlation Coefficient\"}},\"colorscale\":[[0.0,\"rgb(103,0,31)\"],[0.1,\"rgb(178,24,43)\"],[0.2,\"rgb(214,96,77)\"],[0.3,\"rgb(244,165,130)\"],[0.4,\"rgb(253,219,199)\"],[0.5,\"rgb(247,247,247)\"],[0.6,\"rgb(209,229,240)\"],[0.7,\"rgb(146,197,222)\"],[0.8,\"rgb(67,147,195)\"],[0.9,\"rgb(33,102,172)\"],[1.0,\"rgb(5,48,97)\"]],\"cmin\":-1,\"cmax\":1},\"title\":{\"text\":\"Interactive Heatmap: Influent vs Oxidation Ditch Effluent\",\"font\":{\"size\":20},\"x\":0.5},\"margin\":{\"l\":100,\"r\":100,\"t\":100,\"b\":100},\"autosize\":false,\"width\":1200,\"height\":1000},                        {\"responsive\": true}                    ).then(function(){\n",
              "                            \n",
              "var gd = document.getElementById('94ad9b8f-decd-4bd9-9ef8-b5b1fddcd852');\n",
              "var x = new MutationObserver(function (mutations, observer) {{\n",
              "        var display = window.getComputedStyle(gd).display;\n",
              "        if (!display || display === 'none') {{\n",
              "            console.log([gd, 'removed!']);\n",
              "            Plotly.purge(gd);\n",
              "            observer.disconnect();\n",
              "        }}\n",
              "}});\n",
              "\n",
              "// Listen for the removal of the full notebook cells\n",
              "var notebookContainer = gd.closest('#notebook-container');\n",
              "if (notebookContainer) {{\n",
              "    x.observe(notebookContainer, {childList: true});\n",
              "}}\n",
              "\n",
              "// Listen for the clearing of the current output cell\n",
              "var outputEl = gd.closest('.output');\n",
              "if (outputEl) {{\n",
              "    x.observe(outputEl, {childList: true});\n",
              "}}\n",
              "\n",
              "                        })                };                            </script>        </div>\n",
              "</body>\n",
              "</html>"
            ]
          },
          "metadata": {}
        },
        {
          "output_type": "stream",
          "name": "stdout",
          "text": [
            "Generating heatmap between Oxidation Ditch Effluent and Plant Effluent...\n",
            "Aligning datasets for Oxidation Ditch Effluent and Plant Effluent...\n",
            "Reading file: /content/Oxidation Ditch Effluent Parameters.xlsx\n",
            "Applying Z-Score Method to filter outliers...\n",
            "Finished processing file: /content/Oxidation Ditch Effluent Parameters.xlsx\n",
            "Reading file: /content/Plant Effluent Parameters.xlsx\n",
            "Applying Z-Score Method to filter outliers...\n",
            "Finished processing file: /content/Plant Effluent Parameters.xlsx\n",
            "Datasets aligned for Oxidation Ditch Effluent and Plant Effluent.\n",
            "Bootstrapping correlation matrices...\n",
            "Bootstrapping iteration 0/500...\n",
            "Bootstrapping iteration 100/500...\n",
            "Bootstrapping iteration 200/500...\n",
            "Bootstrapping iteration 300/500...\n",
            "Bootstrapping iteration 400/500...\n",
            "Bootstrapping iteration 0/500...\n",
            "Bootstrapping iteration 100/500...\n",
            "Bootstrapping iteration 200/500...\n",
            "Bootstrapping iteration 300/500...\n",
            "Bootstrapping iteration 400/500...\n",
            "Bootstrapping iteration 0/500...\n",
            "Bootstrapping iteration 100/500...\n",
            "Bootstrapping iteration 200/500...\n",
            "Bootstrapping iteration 300/500...\n",
            "Bootstrapping iteration 400/500...\n",
            "Calculating and correcting p-values...\n",
            "Calculating p-values for correlation matrix...\n",
            "Correcting p-values using Benjamini-Hochberg method...\n",
            "Generating heatmap...\n"
          ]
        },
        {
          "output_type": "display_data",
          "data": {
            "text/html": [
              "<html>\n",
              "<head><meta charset=\"utf-8\" /></head>\n",
              "<body>\n",
              "    <div>            <script src=\"https://cdnjs.cloudflare.com/ajax/libs/mathjax/2.7.5/MathJax.js?config=TeX-AMS-MML_SVG\"></script><script type=\"text/javascript\">if (window.MathJax && window.MathJax.Hub && window.MathJax.Hub.Config) {window.MathJax.Hub.Config({SVG: {font: \"STIX-Web\"}});}</script>                <script type=\"text/javascript\">window.PlotlyConfig = {MathJaxConfig: 'local'};</script>\n",
